500 shot 1 0 0 0
1000 drag 250 120 150 120
1600 drag 250 120 150 120
2200 drag 250 120 150 120
30000 shot 2 0 0 0
31000 drag 250 120 150 120
40000 shot 3 0 0 0
41000 boot 0 0 0 0
42200 bootup 0 0 0 0
43000 shot 4 0 0 0
44000 hold 160 120 100 0
45000 shot 5 0 0 0
46000 hold 160 120 1200 0
48000 shot 6 0 0 0
48500 hold 160 120 100 0
49000 drag 150 120 250 120
49600 drag 150 120 250 120
50200 drag 150 120 250 120
50800 drag 150 120 250 120
51400 drag 150 120 250 120
52000 drag 150 120 250 120
53000 shot 7 0 0 0
54000 hold 160 5 1200 0
56000 shot 8 0 0 0
57000 boot 0 0 0 0
57100 bootup 0 0 0 0
58000 boot 0 0 0 0
58100 bootup 0 0 0 0
59000 drag 250 120 150 120
59600 drag 250 120 150 120
60200 drag 250 120 150 120
60800 drag 250 120 150 120
200000 shot 9 0 0 0
200500 drag 160 10 165 100
202000 shot 10 0 0 0
262000 shot 11 0 0 0
263000 drag 150 120 250 120
510000 shot 12 0 0 0
520000 shot 13 0 0 0
530000 shot 14 0 0 0
531000 end 0 0 0 0
